%!PS
%%BoundingBox: 48 -10 561 461 
%%Creator: MetaPost
%%CreationDate: 2004.06.13:1454
%%Pages: 1
%%EndProlog
%%Page: 1 1
% MF2PT1: bbox 0 0 504 451
% MF2PT1: font_size 10
% MF2PT1: font_slant 0
% MF2PT1: font_identifier zmnmi
% MF2PT1: font_coding_scheme TeX math italic
% MF2PT1: font_fixed_pitch 0
newpath 50.54733 32.02573 moveto
44.11444 8.82985 57.70352 -9.97414 80.8994 -9.97414 curveto
104.09528 -9.97414 128.11414 8.82985 134.54703 32.02573 curveto
190.22575 232.7939 lineto
281.82315 227.763 362.98604 203.3062 340.92487 123.75723 curveto
320.70271 50.83954 360.36871 -9.97414 432.29175 -9.97414 curveto
498.36066 -9.97414 539.23273 72.27704 560.5118 149.00574 curveto
560.66548 149.55994 560.3408 150.00922 559.7866 150.00922 curveto
527.39717 150.00922 lineto
526.84299 150.00922 526.26909 149.55994 526.1154 149.00574 curveto
509.23863 88.15092 489.58118 17.31317 439.85931 17.31317 curveto
396.92255 17.31317 411.11728 73.97049 424.92456 123.75723 curveto
453.2981 226.06752 351.2125 253.02106 233.53003 259.37277 curveto
267.47697 278.40054 300.1686 305.71935 330.73798 333.01727 curveto
365.49997 364.05916 402.76025 396.4295 441.75728 412.46556 curveto
440.5207 409.77696 439.49593 407.0065 438.71097 404.17613 curveto
431.68816 378.85301 446.52348 358.32458 471.8466 358.32458 curveto
497.16972 358.32458 523.3913 378.85301 530.41411 404.17613 curveto
537.43694 429.49925 522.60161 450.0277 497.27849 450.0277 curveto
433.00584 450.0277 370.54083 400.42017 315.06511 350.88127 curveto
279.2679 318.91495 240.82135 285.53984 200.5566 270.0452 curveto
241.58922 418.00197 lineto
248.02211 441.19785 234.43301 460.00183 211.23714 460.00183 curveto
188.04126 460.00183 164.02242 441.19785 157.58952 418.00197 curveto
 closepath fill
showpage
%%EOF
