%!PS
%%BoundingBox: 28 -10 565 693 
%%Creator: MetaPost
%%CreationDate: 2004.06.13:1454
%%Pages: 1
%%EndProlog
%%Page: 1 1
% MF2PT1: bbox 0 0 504 683
% MF2PT1: font_size 10
% MF2PT1: font_slant 0
% MF2PT1: font_identifier zmnmi
% MF2PT1: font_coding_scheme TeX math italic
% MF2PT1: font_fixed_pitch 0
newpath 237.04147 337.52077 moveto
255.9639 405.75182 214.17523 460.00183 145.34357 460.00183 curveto
80.71823 460.00183 49.1491 376.27708 28.27869 301.02194 curveto
28.125 300.46776 28.44968 300.01848 29.00386 300.01848 curveto
61.3933 300.01848 lineto
61.9475 300.01848 62.5214 300.46776 62.67506 301.02194 curveto
79.08655 360.19894 99.2066 432.71452 137.776 432.71452 curveto
176.2978 432.71452 165.4624 382.30745 153.04178 337.52077 curveto
109.35905 180.00832 lineto
94.8145 127.56297 86.54138 72.90207 112.18127 35.069 curveto
136.9587 -1.49142 187.35504 -9.97414 238.11238 -9.97414 curveto
296.9929 -9.97414 354.85118 36.4074 397.4641 89.6501 curveto
459.20229 166.78894 495.2945 254.52538 519.41489 341.4995 curveto
519.48889 341.76624 519.56273 342.033 519.63873 342.2981 curveto
531.6639 339.78676 543.75363 337.47354 555.80914 335.32626 curveto
556.39287 335.2223 557.0826 335.69427 557.25491 336.3156 curveto
564.25793 361.56726 lineto
564.39363 362.05666 564.15651 362.47469 563.69672 362.55658 curveto
551.40942 364.74516 539.06514 367.10416 526.7977 369.68007 curveto
545.88225 447.29344 554.06068 524.53764 537.15411 593.34889 curveto
524.07265 646.5916 491.9402 692.97313 433.05968 692.97313 curveto
367.42351 692.97313 301.991 634.33424 283.18236 566.51335 curveto
252.68782 456.55525 331.46402 398.08194 436.7876 363.88425 curveto
434.76227 356.41875 432.70706 348.95587 430.63919 341.4995 curveto
408.85495 262.94917 385.26688 183.67747 342.21317 108.21535 curveto
317.64925 65.16106 287.64583 17.31317 245.67995 17.31317 curveto
215.71858 17.31317 190.2527 30.34505 182.03874 55.88673 curveto
170.18082 92.75949 181.46289 137.11378 193.35875 180.00832 curveto
 closepath fill
 1 setgray
newpath 425.49214 665.68582 moveto
467.45802 665.68582 470.9223 617.83794 471.60585 574.78365 curveto
472.54866 515.40053 460.12889 453.65831 444.17937 391.76285 curveto
355.73419 422.0703 291.54088 472.62529 317.57874 566.51335 curveto
331.90881 618.18517 377.25426 665.68582 425.49214 665.68582 curveto closepath
 fill
showpage
%%EOF
