%!PS
%%BoundingBox: 28 -228 646 683 
%%Creator: MetaPost
%%CreationDate: 2004.06.13:1454
%%Pages: 1
%%EndProlog
%%Page: 1 1
% MF2PT1: bbox 0 -217 616 683
% MF2PT1: font_size 10
% MF2PT1: font_slant 0
% MF2PT1: font_identifier zmnmi
% MF2PT1: font_coding_scheme TeX math italic
% MF2PT1: font_fixed_pitch 0
newpath 251.09474 337.52077 moveto
277.40878 403.08318 240.24294 460.00183 173.29156 460.00183 curveto
103.8611 460.00183 50.16635 379.94524 28.27869 301.02194 curveto
28.125 300.46776 28.44968 300.01848 29.00386 300.01848 curveto
61.3933 300.01848 lineto
61.9475 300.01848 62.5214 300.46776 62.67506 301.02194 curveto
80.18689 364.16667 111.4701 432.71452 165.724 432.71452 curveto
202.95404 432.71452 185.05064 382.25781 167.09505 337.52077 curveto
146.16736 285.3785 121.93652 225.00308 109.6399 180.66347 curveto
94.2368 125.12254 102.59221 71.37369 138.59666 39.05827 curveto
173.98979 7.2916 223.95525 -4.80049 277.32964 -8.54698 curveto
217.01709 -226.02399 lineto
216.86337 -226.57819 217.18808 -227.02747 217.74228 -227.02747 curveto
250.13171 -227.02747 lineto
250.6859 -227.02747 251.25977 -226.57819 251.41347 -226.02399 curveto
311.34904 -9.90633 lineto
314.90926 -9.95168 318.47409 -9.97414 322.04034 -9.97414 curveto
447.7194 -9.97414 582.25409 123.23941 619.21634 256.51909 curveto
639.36778 329.18187 664.24922 418.94264 625.05325 451.87943 curveto
583.25589 487.00223 509.1323 409.69534 550.92966 374.57254 curveto
583.14124 347.50479 598.09998 304.4046 584.81996 256.51909 curveto
552.10072 138.5391 438.88647 17.31317 329.60791 17.31317 curveto
326.04199 17.31317 322.48439 17.36378 318.94112 17.46942 curveto
503.23315 681.99551 lineto
503.38684 682.54971 503.06216 682.999 502.50797 682.999 curveto
470.11853 682.999 lineto
469.56435 682.999 468.99045 682.54971 468.83676 681.99551 curveto
285.36794 20.43776 lineto
253.61314 25.37634 225.32971 36.84077 206.61263 59.32721 curveto
181.4048 89.6115 181.0524 135.27623 193.63959 180.66347 curveto
205.93619 225.00305 230.16704 285.3785 251.09474 337.52077 curveto closepath
 fill
showpage
%%EOF
