%!PS
%%BoundingBox: 24 -10 441 461 
%%Creator: MetaPost
%%CreationDate: 2004.06.13:1454
%%Pages: 1
%%EndProlog
%%Page: 1 1
% MF2PT1: bbox 0 0 448 451
% MF2PT1: font_size 10
% MF2PT1: font_slant 0
% MF2PT1: font_identifier zmnmi
% MF2PT1: font_coding_scheme TeX math italic
% MF2PT1: font_fixed_pitch 0
newpath 308.55173 432.71452 moveto
343.07434 432.71452 363.06377 407.31561 378.3774 380.92274 curveto
382.40984 373.97289 389.99913 369.97334 399.15448 369.97334 curveto
425.95952 369.97334 449.1377 401.41742 437.33151 421.76529 curveto
416.18227 458.21593 364.4885 460.00183 316.1193 460.00183 curveto
267.07045 460.00183 215.22089 451.12164 166.52519 424.73865 curveto
129.37369 404.61021 96.79555 372.73143 86.49615 335.59357 curveto
76.64941 300.08784 86.50923 267.69489 109.17944 246.44847 curveto
109.60342 246.05112 110.03055 245.65758 110.4613 245.26791 curveto
108.94966 244.2672 107.4453 243.24551 105.94856 242.2027 curveto
68.02171 215.77794 39.74873 177.36322 28.53677 136.93472 curveto
16.90141 94.9796 28.63101 56.73393 55.4618 31.6668 curveto
87.71939 1.52951 135.20663 -9.97414 185.78156 -9.97414 curveto
253.78217 -9.97414 328.29901 17.3047 379.4076 74.88907 curveto
382.09692 77.91917 384.04059 81.40024 385.025 84.94995 curveto
390.43668 104.46358 366.79684 111.6681 352.01283 95.01082 curveto
309.47696 47.0852 249.45427 17.31317 193.34912 17.31317 curveto
163.3907 17.31317 137.34595 28.53972 123.42065 50.72581 curveto
108.8214 73.98575 109.5582 105.52965 118.26773 136.93472 curveto
126.20525 165.55617 136.69804 194.98314 157.97318 219.37776 curveto
176.85498 213.66083 197.7153 211.18529 219.24138 211.18529 curveto
258.54803 211.18529 303.56232 213.69414 312.94164 247.51445 curveto
322.32098 281.33478 278.69826 283.84363 239.39159 283.84363 curveto
215.98894 283.84363 191.70422 280.31516 167.8752 272.72443 curveto
161.20433 290.8922 164.37105 313.5086 170.49583 335.59357 curveto
177.87479 362.20084 193.71295 388.71712 218.52673 406.1734 curveto
246.49355 425.84776 278.62674 432.71452 308.55173 432.71452 curveto closepath
 fill
 1 setgray
newpath 226.80891 238.4726 moveto
213.88176 238.4726 201.76663 240.97826 191.71745 246.1548 curveto
204.66695 252.83075 218.49536 256.55632 231.82407 256.55632 curveto
253.0322 256.55632 281.05222 256.55411 278.54524 247.51445 curveto
276.0383 238.4748 248.01704 238.4726 226.80891 238.4726 curveto closepath fill
showpage
%%EOF
