%!PS
%%BoundingBox: 48 0 801 682 
%%Creator: MetaPost
%%CreationDate: 2004.06.13:1454
%%Pages: 1
%%EndProlog
%%Page: 1 1
% MF2PT1: bbox 0 0 728 662
% MF2PT1: font_size 10
% MF2PT1: font_slant 0
% MF2PT1: font_identifier zmnmi
% MF2PT1: font_coding_scheme TeX math italic
% MF2PT1: font_fixed_pitch 0
newpath 677.72182 0 moveto
717.86217 131.79184 lineto
683.46577 131.79184 lineto
677.28828 111.50989 668.59822 82.98506 657.93887 74.21129 curveto
650.86989 68.39273 605.13675 68.39131 577.12634 68.39131 curveto
515.91322 68.39131 lineto
545.75887 116.49106 589.10817 161.6684 630.50401 204.80418 curveto
699.61136 276.81616 768.32004 354.00781 792.52824 441.29865 curveto
811.31847 509.05296 795.09059 571.85683 753.279 613.6981 curveto
704.61334 662.39833 631.09335 681.89429 552.10333 681.89429 curveto
473.1133 681.89429 388.77977 662.39833 313.10216 613.6981 curveto
248.08302 571.85683 197.02058 509.05296 178.23036 441.29865 curveto
154.02216 354.00781 179.91588 276.81616 209.08127 204.80418 curveto
226.55159 161.6684 244.84296 116.49106 248.00974 68.39131 curveto
186.79662 68.39131 lineto
158.78621 68.39131 113.05386 68.39273 109.21217 74.21129 curveto
103.4193 82.98506 110.55072 111.50989 115.62276 131.79184 curveto
81.22636 131.79184 lineto
48.26743 0 lineto
268.50224 0 lineto
291.0647 81.35643 286.0062 159.53499 281.01987 236.49454 curveto
276.70363 303.1128 272.6971 370.77693 292.25476 441.29865 curveto
307.77455 497.26039 338.44093 553.1944 387.45778 594.63908 curveto
434.07219 634.05243 491.31992 654.60698 544.5358 654.60698 curveto
597.75166 654.60698 643.5987 634.05243 668.35219 594.63908 curveto
694.38147 553.1944 694.02364 497.26039 678.50385 441.29865 curveto
658.94618 370.77693 617.40927 303.1128 576.14268 236.49454 curveto
528.47023 159.53499 480.04947 81.3564 457.48701 0 curveto
 closepath fill
showpage
%%EOF
