%!PS
%%BoundingBox: 78 -219 544 461 
%%Creator: MetaPost
%%CreationDate: 2004.06.13:1454
%%Pages: 1
%%EndProlog
%%Page: 1 1
% MF2PT1: bbox 0 -217 462 451
% MF2PT1: font_size 10
% MF2PT1: font_slant 0
% MF2PT1: font_identifier zmnmi
% MF2PT1: font_coding_scheme TeX math italic
% MF2PT1: font_fixed_pitch 0
newpath 150.23083 225.01382 moveto
116.80342 104.48022 69.4458 -66.30884 80.46214 -130.8199 curveto
90.07004 -187.08333 157.97469 -195.34666 222.01443 -195.34666 curveto
262.05151 -195.34666 340.40811 -195.34673 341.7991 -195.57236 curveto
352.42796 -197.29639 358.89043 -206.0456 355.83765 -217.05333 curveto
355.68396 -217.60751 356.00864 -218.05681 356.56284 -218.05681 curveto
388.95227 -218.05681 lineto
389.50645 -218.05681 390.08035 -217.60751 390.23404 -217.05333 curveto
398.81801 -186.10106 408.12808 -151.50577 385.64038 -137.17447 curveto
362.91676 -122.69284 292.46439 -122.68929 242.1644 -122.68929 curveto
189.45375 -122.68929 131.96608 -118.72853 124.30339 -72.42201 curveto
119.56886 -43.81085 130.84006 16.40077 146.58124 81.54247 curveto
149.32521 72.9074 152.75623 64.58339 156.92448 56.63257 curveto
178.52155 15.43652 220.68002 -9.97414 273.42351 -9.97414 curveto
327.18034 -9.97414 384.60933 15.07687 430.28868 56.63257 curveto
481.92184 103.6046 514.86168 164.18993 531.72987 225.01382 curveto
548.59808 285.83774 549.26236 346.4231 523.68251 393.39513 curveto
501.05232 434.9508 457.51808 460.00183 403.76125 460.00183 curveto
351.01776 460.00183 294.76508 434.59117 250.31831 393.39513 curveto
199.30362 346.11147 167.0414 285.62994 150.23083 225.01382 curveto closepath
 fill
 1 setgray
newpath 234.23051 225.01382 moveto
248.48843 276.42546 266.44151 328.81966 302.31985 374.82988 curveto
326.92444 406.38266 361.53055 432.71452 396.19368 432.71452 curveto
430.02936 432.71452 448.58188 406.01093 454.88481 374.82988 curveto
464.24368 328.53079 452.39395 276.27342 438.17819 225.01382 curveto
423.96245 173.75424 406.82729 121.49689 371.78831 75.19781 curveto
348.19058 44.01674 314.82674 17.31317 280.99107 17.31317 curveto
246.32794 17.31317 226.32697 43.64503 219.22337 75.19781 curveto
208.86487 121.20804 219.97261 173.60223 234.23051 225.01382 curveto closepath
 fill
showpage
%%EOF
