%!PS
%%BoundingBox: 19 -228 462 701 
%%Creator: MetaPost
%%CreationDate: 2004.06.13:1454
%%Pages: 1
%%EndProlog
%%Page: 1 1
% MF2PT1: bbox 0 -217 504 683
% MF2PT1: font_size 10
% MF2PT1: font_slant 0
% MF2PT1: font_identifier zmnmi
% MF2PT1: font_coding_scheme TeX math italic
% MF2PT1: font_fixed_pitch 0
newpath 325.25862 682.999 moveto
327.89275 692.49728 322.32828 700.1972 312.82999 700.1972 curveto
303.33167 700.1972 293.49638 692.49731 290.86223 682.999 curveto
283.86038 657.75153 282.17584 632.93362 286.06557 611.81055 curveto
259.36894 603.59396 233.0922 591.275 208.45425 574.3146 curveto
162.1909 542.46759 127.43123 495.93573 113.80411 446.79866 curveto
100.17702 397.66158 109.12746 351.12971 137.72664 319.2827 curveto
144.1865 312.08925 151.40425 305.73071 159.2673 300.16707 curveto
95.84468 260.57758 44.36902 196.42732 24.55261 124.97273 curveto
3.60487 49.43867 47.40149 -9.13751 112.69633 -35.79541 curveto
281.09769 -104.54857 lineto
339.58157 -128.42577 308.00026 -199.74016 269.15953 -199.74016 curveto
231.46085 -199.74016 200.49556 -183.92645 176.17888 -161.7353 curveto
168.98303 -155.16843 154.5382 -161.60928 151.44464 -172.76414 curveto
150.23494 -177.12611 151.1838 -181.2251 153.99763 -183.79298 curveto
182.03525 -209.37991 218.12561 -227.02747 261.592 -227.02747 curveto
364.37547 -227.02747 438.1671 -69.074 331.89119 -25.68478 curveto
154.3273 46.80914 lineto
109.5147 65.10477 73.32858 100.2096 87.51563 151.36566 curveto
102.49854 205.39156 141.13586 254.27454 188.69293 284.07909 curveto
213.95021 273.63507 243.06067 268.84113 273.61322 268.84113 curveto
318.64131 268.84113 371.22441 268.85002 381.29707 305.17033 curveto
391.36972 341.49065 338.79153 341.4995 293.76344 341.4995 curveto
266.72636 341.4995 239.54742 336.24165 213.33429 326.69487 curveto
210.75491 330.14552 208.47493 333.86691 206.52432 337.84795 curveto
191.48926 368.53317 196.6291 408.12006 207.35579 446.79866 curveto
218.08247 485.47725 234.89975 525.06413 266.95459 555.74936 curveto
276.65898 565.03912 287.3726 572.91502 298.63586 579.23714 curveto
309.84125 562.47118 327.58069 552.09781 352.16837 552.09781 curveto
397.19646 552.09781 449.77954 552.10669 459.85222 588.427 curveto
469.92487 624.74731 417.3467 624.75618 372.3186 624.75618 curveto
354.80331 624.75618 336.88808 623.18062 318.93686 619.86711 curveto
316.35663 638.20667 319.08472 660.73695 325.25862 682.999 curveto closepath
 fill
 1 setgray
newpath 359.7359 579.38512 moveto
346.21292 579.38512 336.41902 584.19884 329.72868 592.32936 curveto
341.41046 595.7111 353.22978 597.46887 364.75104 597.46887 curveto
391.50423 597.46887 427.96277 597.46666 425.45583 588.427 curveto
422.94885 579.38731 386.48907 579.38512 359.7359 579.38512 curveto closepath
 fill
newpath 281.18076 296.12843 moveto
264.72394 296.12843 249.64813 299.71478 237.0075 306.49846 curveto
253.14719 311.5003 269.692 314.21219 286.1959 314.21219 curveto
312.94908 314.21219 349.40764 314.20999 346.9007 305.17033 curveto
344.3937 296.13065 307.93393 296.12843 281.18076 296.12843 curveto closepath
 fill
showpage
%%EOF
