%!PS
%%BoundingBox: 31 -228 634 461 
%%Creator: MetaPost
%%CreationDate: 2004.06.13:1454
%%Pages: 1
%%EndProlog
%%Page: 1 1
% MF2PT1: bbox 0 -217 616 451
% MF2PT1: font_size 10
% MF2PT1: font_slant 0
% MF2PT1: font_identifier zmnmi
% MF2PT1: font_coding_scheme TeX math italic
% MF2PT1: font_fixed_pitch 0
newpath 498.42647 -200.15486 moveto
470.52519 -200.15486 451.12161 -155.59235 436.51167 -122.02713 curveto
401.65582 -41.9487 386.38858 48.14328 372.56038 138.4496 curveto
627.9119 423.79292 lineto
638.16533 435.25073 634.02136 450.02763 620.55476 450.02763 curveto
614.59215 450.02763 608.19853 446.93922 603.65858 441.86604 curveto
366.67421 177.04718 lineto
354.60677 255.66783 341.14944 334.02528 310.80101 403.74838 curveto
291.14087 448.91597 235.2738 460.00183 179.15038 460.00183 curveto
136.23503 460.00183 93.2439 422.0597 80.99141 377.87924 curveto
80.83772 377.32506 81.1624 376.87576 81.71658 376.87576 curveto
114.10602 376.87576 lineto
114.66022 376.87576 115.23412 377.32506 115.38779 377.87924 curveto
123.03764 405.46338 142.54503 433.12923 166.95953 433.12923 curveto
194.86115 433.12923 214.2647 388.56677 228.8747 355.0015 curveto
263.73088 274.92226 278.99539 184.82814 292.82559 94.52477 curveto
37.4741 -190.81856 lineto
27.22063 -202.27637 31.36461 -217.05327 44.8312 -217.05327 curveto
50.79382 -217.05327 57.18747 -213.96486 61.72739 -208.89168 curveto
298.71176 55.92719 lineto
310.77705 -22.69331 324.23666 -101.0504 354.58536 -170.77402 curveto
374.24544 -215.94151 430.11232 -227.02747 486.23566 -227.02747 curveto
529.15097 -227.02747 572.14204 -189.0853 584.39453 -144.90488 curveto
584.54825 -144.3507 584.22357 -143.90141 583.66937 -143.90141 curveto
551.27994 -143.90141 lineto
550.72575 -143.90141 550.15186 -144.3507 549.99814 -144.90488 curveto
542.34828 -172.48901 522.84094 -200.15486 498.42647 -200.15486 curveto
 closepath fill
showpage
%%EOF
