%!PS
%%BoundingBox: 62 -237 641 470 
%%Creator: MetaPost
%%CreationDate: 2004.06.13:1454
%%Pages: 1
%%EndProlog
%%Page: 1 1
% MF2PT1: bbox 0 -217 616 451
% MF2PT1: font_size 10
% MF2PT1: font_slant 0
% MF2PT1: font_identifier zmnmi
% MF2PT1: font_coding_scheme TeX math italic
% MF2PT1: font_fixed_pitch 0
newpath 262.31126 442.6867 moveto
262.86546 442.6867 263.43936 443.13599 263.59303 443.69019 curveto
270.60402 468.97054 lineto
270.7577 469.52472 270.43303 469.974 269.87883 469.974 curveto
234.5098 469.974 199.43053 442.86383 173.57187 411.14194 curveto
136.596 365.7821 114.95471 313.87456 100.68347 262.41492 curveto
82.22173 195.84497 74.82742 127.0571 108.51202 79.93945 curveto
108.51324 79.93774 110.85962 76.6557 114.81583 71.11617 curveto
105.71783 47.65894 97.8082 23.86009 91.1911 0 curveto
60.25168 -111.56244 33.69264 -236.99963 129.63158 -236.99963 curveto
157.97827 -236.99963 187.79259 -220.78209 210.59135 -197.46089 curveto
238.94397 -168.45859 256.18216 -132.90572 265.99918 -97.5072 curveto
277.66139 -55.45528 277.55023 -13.33676 256.24763 16.46104 curveto
256.24173 16.46928 202.62682 91.4652 174.81096 130.37839 curveto
246.13391 277.49886 363.46738 397.6812 501.0082 397.6812 curveto
533.19885 397.6812 552.40797 373.88342 559.2682 344.7616 curveto
569.16623 302.74414 558.88486 254.64392 545.80972 207.49716 curveto
532.73459 160.3504 516.33684 112.25021 483.13351 70.23276 curveto
460.12068 41.11095 427.71198 17.31317 395.52132 17.31317 curveto
359.18707 17.31317 338.21053 44.32178 338.70378 79.43471 curveto
349.4418 83.55997 358.80455 93.0969 361.88452 104.20285 curveto
366.01228 119.08679 357.29265 131.15266 342.40869 131.15266 curveto
327.52472 131.15266 312.11269 119.08682 307.98492 104.20285 curveto
290.62387 41.6018 325.83252 -9.97414 387.95375 -9.97414 curveto
438.30008 -9.97414 492.13441 13.00227 535.13506 51.66751 curveto
583.27748 94.95613 614.16437 151.0837 629.8094 207.49716 curveto
645.45448 263.91068 645.69916 320.03822 621.56706 363.32684 curveto
600.01237 401.99208 558.92204 424.96849 508.57573 424.96849 curveto
364.0826 424.96849 235.63132 307.54048 155.1002 158.41644 curveto
134.23582 193.816 145.67232 244.4452 158.92944 292.24817 curveto
169.11864 328.98872 182.91759 366.01645 206.30229 400.0453 curveto
220.91481 421.30904 240.25717 442.6867 262.31126 442.6867 curveto closepath
 fill
 1 setgray
newpath 125.5875 0 moveto
129.21982 13.0976 133.23376 26.19286 137.6142 39.23166 curveto
165.7699 -0.15218 204.2132 -53.9262 204.21812 -53.93312 curveto
217.60477 -72.6582 215.39069 -99.80109 208.05534 -126.25113 curveto
202.2909 -147.03668 193.27835 -167.99628 177.94658 -186.05547 curveto
166.89998 -199.06725 151.97693 -209.71234 137.19914 -209.71234 curveto
67.44531 -209.71234 99.09648 -95.52216 125.5875 0 curveto closepath fill
showpage
%%EOF
