%!PS
%%BoundingBox: 45 -228 489 701 
%%Creator: MetaPost
%%CreationDate: 2004.06.13:1454
%%Pages: 1
%%EndProlog
%%Page: 1 1
% MF2PT1: bbox 0 -217 504 683
% MF2PT1: font_size 10
% MF2PT1: font_slant 0
% MF2PT1: font_identifier zmnmi
% MF2PT1: font_coding_scheme TeX math italic
% MF2PT1: font_fixed_pitch 0
newpath 353.14816 682.999 moveto
355.78229 692.49728 350.21782 700.1972 340.71953 700.1972 curveto
331.2212 700.1972 321.38593 692.49731 318.75177 682.999 curveto
310.18294 652.10123 309.5777 621.84685 317.41188 598.2223 curveto
217.48154 541.5075 101.46255 402.29712 62.94466 263.40797 curveto
23.54861 121.35252 45.75294 16.6278 166.1326 -26.04254 curveto
166.14075 -26.04546 266.65253 -61.67334 266.6607 -61.67624 curveto
361.6161 -95.33464 322.99678 -199.74016 269.15953 -199.74016 curveto
236.00952 -199.74016 210.27962 -183.49718 190.66873 -162.27742 curveto
183.83223 -154.88007 168.5958 -161.20052 165.38887 -172.76414 curveto
164.2651 -176.81624 165.00066 -180.65869 167.39626 -183.25087 curveto
190.77171 -208.54424 222.07567 -227.02747 261.592 -227.02747 curveto
373.76744 -227.02747 461.74887 -33.88602 314.62881 18.26291 curveto
314.62006 18.26599 206.90785 56.44623 206.8991 56.44933 curveto
111.68242 90.2003 100.10146 176.29727 131.50276 289.52519 curveto
163.8649 406.21758 251.06339 527.35193 329.0757 575.67989 curveto
340.34898 561.0163 357.25955 552.09781 380.05786 552.09781 curveto
425.08595 552.09781 477.66905 552.10669 487.74173 588.427 curveto
497.81436 624.74731 445.2362 624.75618 400.20811 624.75618 curveto
384.26128 624.75618 366.64601 620.69518 348.04936 613.18199 curveto
343.6168 632.55864 346.20096 657.94862 353.14816 682.999 curveto closepath fill
 1 setgray
newpath 387.6254 579.38512 moveto
375.02385 579.38512 365.66052 583.5652 359.02814 590.71468 curveto
370.74951 595.11726 382.0367 597.46887 392.64055 597.46887 curveto
419.39372 597.46887 455.85228 597.46666 453.34534 588.427 curveto
450.83836 579.38731 414.37859 579.38512 387.6254 579.38512 curveto closepath
 fill
showpage
%%EOF
