%!PS
%%BoundingBox: 15 -10 414 693 
%%Creator: MetaPost
%%CreationDate: 2004.06.13:1454
%%Pages: 1
%%EndProlog
%%Page: 1 1
% MF2PT1: bbox 0 0 336 683
% MF2PT1: font_size 10
% MF2PT1: font_slant 0
% MF2PT1: font_identifier zmnmi
% MF2PT1: font_coding_scheme TeX math italic
% MF2PT1: font_fixed_pitch 0
newpath 205.97733 -9.97414 moveto
262.45448 -9.97414 319.52711 28.41321 367.69652 72.51129 curveto
368.13242 72.91037 368.26385 73.49078 368.0008 73.8548 curveto
351.45491 96.7503 lineto
351.15117 97.17064 350.44984 97.13545 349.94655 96.67468 curveto
308.20917 58.46498 262.40172 17.31317 213.54489 17.31317 curveto
171.35036 17.31317 167.20511 65.04953 166.27231 108.21535 curveto
165.57144 140.64832 168.89314 173.8093 174.6403 207.32669 curveto
277.74773 310.58884 367.35728 421.38724 402.02725 546.40129 curveto
421.85999 617.91478 421.13643 692.97313 359.17656 692.97313 curveto
308.4937 692.97313 264.99323 642.6057 231.83008 593.34889 curveto
178.12212 513.57718 146.31073 427.21428 122.53958 341.49947 curveto
106.65733 284.23074 95.67096 226.63063 95.28154 171.87106 curveto
68.83517 146.9239 42.05296 122.40434 15.65598 98.23845 curveto
15.2201 97.83939 15.08862 97.25896 15.35168 96.89494 curveto
31.8976 73.99945 lineto
32.20134 73.57912 32.90263 73.61429 33.40596 74.07506 curveto
54.5045 93.39035 75.79156 112.87883 96.94893 132.5943 curveto
98.34872 117.98819 100.64993 103.6499 103.97342 89.6501 curveto
116.54988 36.67296 147.66 -9.97414 205.97733 -9.97414 curveto closepath fill
 1 setgray
newpath 367.63086 546.40129 moveto
339.17691 443.80106 269.23169 349.7483 185.74823 261.54822 curveto
191.96457 288.1611 199.1547 314.8719 206.53928 341.49947 curveto
228.17339 419.50838 250.71466 500.77747 283.83162 574.78365 curveto
301.82045 614.98325 324.51591 665.68582 351.60902 665.68582 curveto
399.68925 665.68582 383.07626 602.09479 367.63086 546.40129 curveto closepath
 fill
showpage
%%EOF
