%!PS
%%BoundingBox: 27 -218 627 693 
%%Creator: MetaPost
%%CreationDate: 2004.06.13:1454
%%Pages: 1
%%EndProlog
%%Page: 1 1
% MF2PT1: bbox 0 -217 532 683
% MF2PT1: font_size 10
% MF2PT1: font_slant 0
% MF2PT1: font_identifier zmnmi
% MF2PT1: font_coding_scheme TeX math italic
% MF2PT1: font_fixed_pitch 0
newpath 188.19292 58.8283 moveto
205.26326 17.44789 241.98602 -9.97414 294.47606 -9.97414 curveto
352.17593 -9.97414 413.87782 5.1613 468.68547 41.61972 curveto
516.9481 73.72441 554.03355 121.294 568.10927 172.04865 curveto
584.41724 230.85251 578.9369 288.08925 548.46492 329.29106 curveto
539.29002 341.69662 528.19534 352.23123 515.5659 360.90831 curveto
520.56856 364.35152 525.48143 368.00183 530.2879 371.85771 curveto
574.73552 407.51436 605.07356 456.21066 618.8547 505.90318 curveto
632.63585 555.5957 629.30754 604.292 604.63718 639.94865 curveto
580.44815 674.90959 538.143 692.97313 489.42336 692.97313 curveto
431.05768 692.97313 368.73116 665.53036 319.24503 620.28609 curveto
263.07916 568.93463 227.33272 502.84863 208.94168 436.53372 curveto
27.96165 -216.04985 lineto
27.80797 -216.60405 28.13264 -217.05333 28.68684 -217.05333 curveto
110.67958 -217.05333 lineto
111.23376 -217.05333 111.80766 -216.60405 111.96135 -216.04985 curveto
 closepath fill
 1 setgray
newpath 292.94138 436.53372 moveto
308.75226 493.54515 329.9574 551.63731 371.24657 601.72084 curveto
400.69794 637.4452 441.66563 665.68582 481.85582 665.68582 curveto
512.11836 665.68582 533.71501 647.38104 542.33833 621.3834 curveto
553.7165 587.08038 545.97974 546.01698 534.85503 505.90318 curveto
523.73032 465.78938 508.691 424.72598 478.28639 390.42296 curveto
475.80508 387.6235 473.22284 384.91324 470.5531 382.30475 curveto
450.57109 388.43916 428.71257 391.49158 405.81395 391.49158 curveto
372.29884 391.49158 334.16133 383.99937 326.16399 355.1624 curveto
318.16669 326.32542 352.14864 318.83324 385.66373 318.83324 curveto
411.92145 318.83324 439.22618 324.0802 465.6458 334.39224 curveto
471.45563 327.46347 476.17915 319.50897 479.66725 310.72581 curveto
495.69049 270.37837 488.04453 220.68033 474.55757 172.04865 curveto
463.41887 131.88431 444.4891 90.95378 410.18513 60.18497 curveto
378.7079 31.95168 338.92609 17.31317 302.04362 17.31317 curveto
226.9095 17.31317 197.31514 91.24698 219.50433 171.73206 curveto
 closepath fill
newpath 398.24641 364.20427 moveto
411.8478 364.20427 424.31331 361.62814 435.32487 356.89627 curveto
421.65327 350.0665 407.282 346.12054 393.23126 346.12054 curveto
377.62798 346.12054 358.05344 346.12274 360.56038 355.1624 curveto
363.06735 364.20206 382.64313 364.20427 398.24641 364.20427 curveto closepath
 fill
showpage
%%EOF
