%!PS
%%BoundingBox: 41 -10 625 461 
%%Creator: MetaPost
%%CreationDate: 2004.06.13:1454
%%Pages: 1
%%EndProlog
%%Page: 1 1
% MF2PT1: bbox 0 0 616 451
% MF2PT1: font_size 10
% MF2PT1: font_slant 0
% MF2PT1: font_identifier zmnmi
% MF2PT1: font_coding_scheme TeX math italic
% MF2PT1: font_fixed_pitch 0
newpath 516.3085 17.31317 moveto
492.27199 17.31317 494.61159 94.99982 496.2809 150.2903 curveto
496.28093 150.29164 496.353 152.67781 496.47337 156.75319 curveto
554.73877 229.21785 599.73387 318.13112 624.8019 408.52219 curveto
624.95561 409.07639 624.63089 409.52567 624.0767 409.52567 curveto
591.68727 409.52567 lineto
591.13307 409.52567 590.55922 409.07639 590.4055 408.52219 curveto
570.74619 337.63397 538.902 267.22498 497.96518 206.08696 curveto
498.82443 234.5367 499.69022 263.2123 499.69037 263.21692 curveto
502.97803 372.10986 441.48285 460.00183 332.08385 460.00183 curveto
273.81137 460.00183 211.28587 436.44046 160.10548 393.39513 curveto
105.85905 347.77107 69.81902 286.79286 52.68594 225.01382 curveto
35.55284 163.23479 37.7709 102.25659 66.71165 56.63257 curveto
94.01666 13.58723 143.47363 -9.97414 201.74611 -9.97414 curveto
278.12866 -9.97414 350.81644 21.93927 414.49327 73.68973 curveto
426.00822 25.77884 456.13943 -9.97414 508.74094 -9.97414 curveto
548.67818 -9.97414 590.4418 21.34628 601.40428 60.87514 curveto
601.55797 61.42934 601.23329 61.87862 600.67911 61.87862 curveto
568.28967 61.87862 lineto
567.73547 61.87862 567.16159 61.42934 567.0079 60.87514 curveto
560.57094 37.66458 538.59558 17.31317 516.3085 17.31317 curveto closepath fill
 1 setgray
newpath 324.51628 432.71452 moveto
410.47185 432.71452 415.27623 333.19707 412.55501 243.06422 curveto
412.5547 243.05504 409.14581 130.14679 409.14554 130.1376 curveto
408.87039 121.02509 409.09149 112.01367 409.82854 103.22029 curveto
350.87933 50.42108 282.48805 17.31317 209.31367 17.31317 curveto
171.28929 17.31317 145.5835 42.02507 135.50935 75.19781 curveto
121.86609 120.12325 131.84709 173.12393 146.23764 225.01382 curveto
160.62819 276.90372 180.04442 329.90445 218.60585 374.82988 curveto
247.07948 408.00261 286.49191 432.71452 324.51628 432.71452 curveto closepath
 fill
showpage
%%EOF
