%!PS
%%BoundingBox: 45 -10 582 693 
%%Creator: MetaPost
%%CreationDate: 2004.06.13:1454
%%Pages: 1
%%EndProlog
%%Page: 1 1
% MF2PT1: bbox 0 0 560 683
% MF2PT1: font_size 10
% MF2PT1: font_slant 0
% MF2PT1: font_identifier zmnmi
% MF2PT1: font_coding_scheme TeX math italic
% MF2PT1: font_fixed_pitch 0
newpath 368.71179 692.97313 moveto
275.54788 692.97313 198.06784 641.03014 173.04346 550.79637 curveto
164.58476 520.29578 178.46196 501.09312 208.96255 501.09312 curveto
239.46315 501.09312 263.99126 520.29578 272.44994 550.79637 curveto
280.90863 581.29697 267.0314 600.49962 236.5308 600.49962 curveto
234.43326 600.49962 232.36392 600.4088 230.32513 600.22945 curveto
259.23166 641.96036 306.57996 665.68582 361.14427 665.68582 curveto
420.93103 665.68582 461.1256 626.65733 477.55281 574.78365 curveto
498.25621 509.40677 487.82433 432.86754 467.92848 356.79198 curveto
449.60408 412.62457 402.05162 450.49217 333.03775 450.49217 curveto
268.87477 450.49217 218.97134 432.31671 162.37073 385.23323 curveto
102.91554 335.77516 74.9623 287.67146 56.2669 220.25902 curveto
37.20956 151.5414 41.72832 103.1194 77.73329 55.2848 curveto
114.41585 6.55002 159.54765 -9.97414 229.56288 -9.97414 curveto
299.7362 -9.97414 375.5151 22.37201 430.78497 80.42563 curveto
503.00143 156.27942 538.82721 250.0719 564.18268 341.49947 curveto
589.4623 432.65346 589.91945 523.3564 550.99338 593.34889 curveto
516.25868 655.80489 449.98164 692.97313 368.71179 692.97313 curveto closepath
 fill
 1 setgray
newpath 426.49338 220.25728 moveto
411.06293 178.4792 391.89374 137.66301 365.32898 99.67084 curveto
333.63321 54.34044 285.31851 17.31317 237.13043 17.31317 curveto
191.43115 17.31317 166.24284 35.8543 151.17386 73.85005 curveto
132.4006 121.18597 140.82382 163.21864 156.64273 220.25902 curveto
172.3945 277.05719 186.42577 318.92145 230.53201 366.66798 curveto
265.1914 404.18799 299.60817 423.20486 344.11559 423.20486 curveto
437.15091 423.20486 464.5122 323.1933 426.49338 220.25728 curveto closepath
 fill
showpage
%%EOF
